1 1414505
1 1440132
1 1509067
1 1684923
1 1997621
1 2095037
1 2114285
1 2314425
2 
1 2474076
1 3055005
1 3159274
1 3443973
1 3732371
1 3775646
2 
2 
2 
2 
2 
1 3807807
1 3811244
1 4247375
1 4486593
1 4549476
1 4640728
2 
2 
1 5180437
1 5415790
1 5468255
1 5514998
1 5570762
1 5784099
2 
2 
2 
2 
2 
2 
2 
1 5980404
1 6201681
3 
1 6358558
1 6593321
1 6685709
1 6719886
2 
1 7084390
2 
2 
2 
2 
2 
1 7550236
2 
2 
1 7874391
2 
1 7920390
2 
1 8308526
1 8351527
2 
1 9325954
1 9329717
2 
2 
1 9500997
1 9652011
2 
2 
1 7900231
1 8131697
1 9281790
2 
1 9457483
1 9928526
1 9975003